Introducing contestants...
* Player 1, weighing 281 bytes, "Tching tching(Intercepteur), Bouh!Bouh!(bruits d'anti-jeu)" ("") !
* Player 2, weighing 682 bytes, "stargate0_1" ("infinity") !
0x0000 : 0c 00 6a 02 90 ff ff fe f0 03 01 0f 0f 0f 0f 0c 0f 0f 0f 0f ff 0f 0f 0f 0f 0c 0f 0f 0f 0f 00 0f 0f 0f 0f 02 0f 0f 0f 0f 00 0f 0f 0f 0f 02 0f 0f 0f 0f 04 0f 0f 0f 0f 00 0f 0f 0f 0f 00 0f 0f 0f 
0x0040 : 0f ff 0f 0f 0f 0f 00 0f 0f 0f 0f 00 00 00 02 02 90 00 00 00 00 04 09 00 93 02 90 00 00 00 04 02 02 90 00 00 00 00 04 09 00 82 02 90 00 00 01 90 03 01 00 00 00 00 0c 00 28 0c 00 14 02 90 00 00 
0x0080 : 00 0b 54 06 02 03 09 01 8b 04 09 00 45 02 90 00 00 00 04 02 02 90 00 00 00 00 04 09 00 34 0c 00 0d 02 90 00 00 00 00 04 09 00 5b 02 90 00 00 00 00 04 09 00 5c 0a 64 02 00 12 06 02 90 00 00 00 
0x00c0 : 00 04 01 00 00 00 01 0b 54 06 02 03 09 fe eb 0a 64 02 00 12 06 02 90 00 00 00 00 04 01 00 00 00 01 0b 54 06 02 03 09 01 8b 0a 64 02 00 12 06 02 90 00 00 00 00 04 01 00 00 00 01 0b 54 06 02 03 
0x0100 : 09 ff 31 01 00 00 00 01 0c ff fb 09 ff f8 01 00 00 00 01 0c ff fb 09 ff f8 00 00 00 00 00 00 00 00 00 00 00 00 00 00 00 00 00 00 00 00 00 00 00 00 00 00 00 00 00 00 00 00 00 00 00 00 00 00 00 
0x0140 : 00 00 00 00 00 00 00 00 00 00 00 00 00 00 00 00 00 00 00 00 00 00 00 00 00 00 00 00 00 00 00 00 00 00 00 00 00 00 00 00 00 00 00 00 00 00 00 00 00 00 00 00 00 00 00 00 00 00 00 00 00 00 00 00 
0x0180 : 00 00 00 00 00 00 00 00 00 00 00 00 00 00 00 00 00 00 00 00 00 00 00 00 00 00 00 00 00 00 00 00 00 00 00 00 00 00 00 00 00 00 00 00 00 00 00 00 00 00 00 00 00 00 00 00 00 00 00 00 00 00 00 00 
0x01c0 : 00 00 00 00 00 00 00 00 00 00 00 00 00 00 00 00 00 00 00 00 00 00 00 00 00 00 00 00 00 00 00 00 00 00 00 00 00 00 00 00 00 00 00 00 00 00 00 00 00 00 00 00 00 00 00 00 00 00 00 00 00 00 00 00 
0x0200 : 00 00 00 00 00 00 00 00 00 00 00 00 00 00 00 00 00 0b 54 06 02 03 09 01 8b 00 00 00 00 00 00 00 00 00 00 00 00 00 00 00 00 00 00 00 00 00 00 00 00 00 00 00 00 00 00 00 00 00 00 00 00 00 00 00 
0x0240 : 00 00 00 00 00 00 00 00 00 00 00 00 00 00 00 00 00 00 00 00 00 00 00 00 00 00 00 00 00 00 00 00 00 00 00 00 00 00 00 00 00 00 00 00 00 00 00 00 00 0b 54 06 02 03 09 01 8b 00 00 00 00 00 00 00 
0x0280 : 00 00 00 00 00 00 00 00 00 00 00 00 00 00 00 00 00 00 00 00 00 00 00 00 00 00 00 00 00 00 00 00 00 00 00 00 00 00 00 00 00 00 00 00 00 00 00 00 00 00 00 00 00 00 00 00 00 00 00 00 00 00 00 00 
0x02c0 : 00 00 00 00 00 00 00 00 00 00 00 00 00 00 00 00 00 00 00 00 00 00 00 00 00 00 00 00 00 00 00 00 00 00 00 00 00 00 00 00 00 00 00 00 00 00 00 00 00 00 00 00 00 00 00 00 00 00 00 00 00 00 00 00 
0x0300 : 00 00 00 00 00 00 00 00 00 00 00 00 00 00 00 00 00 00 00 00 00 00 00 00 00 00 00 00 00 00 00 00 00 00 00 00 00 00 00 00 00 00 00 00 00 00 00 00 00 00 00 00 00 00 00 00 00 00 00 00 00 00 00 00 
0x0340 : 00 00 00 00 00 00 00 00 00 00 00 00 00 00 00 00 00 00 00 00 00 00 00 00 00 00 00 00 00 00 00 00 00 00 00 00 00 00 00 00 00 00 00 00 00 00 00 00 00 00 00 00 00 00 00 00 00 00 00 00 00 00 00 00 
0x0380 : 00 00 00 00 00 00 00 00 00 00 00 00 00 00 00 00 00 00 00 00 00 00 00 00 00 00 00 00 00 00 00 00 00 0b 54 06 02 03 09 01 8b 00 00 00 00 00 00 00 00 00 00 00 00 00 00 00 00 00 00 00 00 00 00 00 
0x03c0 : 00 00 00 00 00 00 00 00 00 00 00 00 00 00 00 00 00 00 00 00 00 00 00 00 00 00 00 00 00 00 00 00 00 00 00 00 00 00 00 00 00 00 00 00 00 00 00 00 00 00 00 00 00 00 00 00 00 00 00 00 00 00 00 00 
0x0400 : 00 0b 54 06 02 03 09 01 8b 00 00 00 00 00 00 00 00 00 00 00 00 00 00 00 00 00 00 00 00 00 00 00 00 00 00 00 00 00 00 00 00 00 00 00 00 00 00 00 00 00 00 00 00 00 00 00 00 00 00 00 00 00 00 00 
0x0440 : 00 00 00 00 00 00 00 00 00 00 00 00 00 00 00 00 00 00 00 00 00 00 00 00 00 00 00 00 00 00 00 00 00 00 00 00 00 00 00 00 00 00 00 00 00 00 00 00 00 00 00 00 00 00 00 00 00 00 00 00 00 00 00 00 
0x0480 : 00 00 00 00 00 00 00 00 00 00 00 00 00 00 00 00 00 00 00 00 00 00 00 00 00 00 00 00 00 00 00 00 00 00 00 00 00 00 00 00 00 00 00 00 00 00 00 00 00 00 00 00 00 00 00 00 00 00 00 00 00 00 00 00 
0x04c0 : 00 00 00 00 00 00 00 00 00 00 00 00 00 00 00 00 00 00 00 00 00 00 00 00 00 00 00 00 00 00 00 00 00 00 00 00 00 00 00 00 00 00 00 00 00 00 00 00 00 00 00 00 00 00 00 00 00 00 00 00 00 00 00 00 
0x0500 : 00 00 00 00 00 00 00 00 00 00 00 00 00 00 00 00 00 00 00 00 00 00 00 00 00 00 00 00 00 00 00 00 00 00 00 00 00 00 00 00 00 00 00 00 00 00 00 00 00 0b 54 06 02 03 09 01 8b 00 00 00 00 00 00 00 
0x0540 : 00 00 00 00 00 00 00 00 00 00 00 00 00 00 00 00 00 00 00 00 00 00 00 00 00 00 00 00 00 00 00 00 00 00 00 00 00 00 00 00 00 00 00 00 00 00 00 00 00 00 00 00 00 00 00 00 00 00 00 00 00 00 00 00 
0x0580 : 00 00 00 00 00 00 00 00 00 00 00 00 00 00 00 00 00 0b 54 06 02 03 09 01 8b 00 00 00 00 00 00 00 00 00 00 00 00 00 00 00 00 00 00 00 00 00 00 00 00 00 00 00 00 00 00 00 00 00 00 00 00 00 00 00 
0x05c0 : 00 00 00 00 00 00 00 00 00 00 00 00 00 00 00 00 00 00 00 00 00 00 00 00 00 00 00 00 00 00 00 00 00 00 00 00 00 00 00 00 00 00 00 00 00 00 00 00 00 00 00 00 00 00 00 00 00 00 00 00 00 00 00 00 
0x0600 : 00 00 00 00 00 00 00 00 00 00 00 00 00 00 00 00 00 00 00 00 00 00 00 00 00 00 00 00 00 00 00 00 00 00 00 00 00 00 00 00 00 00 00 00 00 00 00 00 00 00 00 00 00 00 00 00 00 00 00 00 00 00 00 00 
0x0640 : 00 00 00 00 00 00 00 00 00 00 00 00 00 00 00 00 00 00 00 00 00 00 00 00 00 00 00 00 00 00 00 00 00 00 00 00 00 00 00 00 00 00 00 00 00 00 00 00 00 00 00 00 00 00 00 00 00 00 00 00 00 00 00 00 
0x0680 : 00 00 00 00 00 00 00 00 00 00 00 00 00 00 00 00 00 00 00 00 00 00 00 00 00 00 00 00 00 00 00 00 00 00 00 00 00 00 00 00 00 00 00 00 00 00 00 00 00 00 00 00 00 00 00 00 00 00 00 00 00 00 00 00 
0x06c0 : 00 00 00 00 00 00 00 00 00 00 00 00 00 00 00 00 00 00 00 00 00 00 00 00 00 00 00 00 00 00 00 00 00 00 00 00 00 00 00 00 00 00 00 00 00 00 00 00 00 00 00 00 00 00 00 00 00 00 00 00 00 00 00 00 
0x0700 : 00 00 00 00 00 00 00 00 00 00 00 00 00 00 00 00 00 00 00 00 00 00 00 00 00 00 00 00 00 00 00 00 00 0b 54 06 02 03 09 01 8b 00 00 00 00 00 00 00 00 00 00 00 00 00 00 00 00 00 00 00 00 00 00 00 
0x0740 : 00 00 00 00 00 00 00 00 00 00 00 00 00 00 00 00 00 00 00 00 00 00 00 00 00 00 00 00 00 00 00 00 00 00 00 00 00 00 00 00 00 00 00 00 00 00 00 00 00 00 00 00 00 00 00 00 00 00 00 00 00 00 00 00 
0x0780 : 00 00 00 00 00 00 00 00 00 00 00 00 00 00 00 00 00 00 00 00 00 00 00 00 00 00 00 00 00 00 00 00 00 00 00 00 00 00 00 00 00 00 00 00 00 00 00 00 00 00 00 00 00 00 00 00 00 00 00 00 00 00 00 00 
0x07c0 : 00 00 00 00 00 00 00 00 00 00 00 00 00 00 00 00 00 00 00 00 00 00 00 00 00 00 00 00 00 00 00 00 00 00 00 00 00 00 00 00 00 00 00 00 00 00 00 00 00 00 00 00 00 00 00 00 00 00 00 00 00 00 00 00 
0x0800 : 06 54 02 02 02 03 70 01 00 84 09 01 e0 03 70 05 fe 02 03 70 05 fe 02 03 70 05 fe 02 03 70 05 fe 02 03 70 05 fe 02 03 70 05 fe 02 03 70 05 fe 02 03 70 05 fe 02 03 70 05 fe 02 03 70 05 fe 02 03 
0x0840 : 70 05 fe 02 03 70 05 fe 02 03 70 05 fe 02 03 70 05 fe 02 03 70 05 fe 02 03 70 05 fe 02 03 70 05 fe 02 03 70 05 fe 02 03 70 05 fe 02 03 70 05 fe 02 03 70 05 fe 02 03 70 05 fe 02 03 70 05 fe 02 
0x0880 : 01 00 00 00 00 09 ff 88 01 ff ff ff fe 02 90 00 00 01 ef 08 0c 00 2a 03 70 01 01 ff ff ff fe 01 1b 03 70 01 ff fa 01 00 00 00 00 05 54 10 10 10 0c 0b 54 06 02 03 09 01 8b ff 55 09 ff f8 01 00 
0x08c0 : 00 00 01 02 90 00 00 00 14 0b 02 90 ff ff ff f7 0c 02 90 00 00 01 a4 0d 02 90 10 09 00 44 0e 0c 00 2e 02 90 00 00 00 04 0a 02 90 0b 09 00 0f 09 02 90 08 09 01 ea 07 02 90 08 09 01 ea 06 02 90 
0x0900 : 08 09 01 ea 0f 05 54 10 10 10 09 00 c9 02 90 0b 54 09 0a 09 02 90 0b 54 09 0a 07 02 90 0b 54 07 0a 06 02 90 0b 54 06 0a 0f 05 54 0a 0a 0a 09 00 a5 03 70 05 fe 02 03 70 05 fe 02 03 70 05 fe 02 
0x0940 : 03 70 05 fe 02 03 70 05 fe 02 03 70 05 fe 02 03 70 05 fe 02 03 70 05 fe 02 03 70 05 fe 02 03 70 05 fe 02 03 70 05 fe 02 03 70 05 fe 02 03 70 05 fe 02 03 70 05 fe 02 03 70 05 fe 02 03 70 05 fe 
0x0980 : 02 03 70 05 fe 02 03 70 05 fe 02 03 70 05 fe 02 03 70 05 fe 02 03 70 05 fe 02 03 70 05 fe 02 03 70 05 fe 02 03 70 05 fe 02 03 70 05 fe 02 01 ff ff ff fe 09 ff 7e 01 ff ff ff fe 0c ff 76 01 00 
0x09c0 : 00 00 00 0c fe fb 04 54 08 0a 08 05 54 06 06 06 09 ff e6 04 54 0d 0c 0d 0b 54 0f 0a 0d 04 54 0e 0c 0e 08 54 01 01 01 09 01 8c 03 70 01 ff ff ff fe 01 ff fe 01 ff ff ff fe 02 90 05 00 00 00 02 
0x0a00 : 02 90 a4 09 fe 01 03 02 90 03 70 05 31 04 02 90 00 00 00 10 0c 02 90 00 00 00 01 0d 02 90 00 00 00 02 0b 02 90 48 0f 48 0f 05 02 90 04 54 03 02 0f 02 90 03 04 54 0b 0e 02 90 0d 0b 06 54 06 02 
0x0a40 : 90 0b 54 06 02 03 09 01 8b 04 01 eb 10 02 90 03 70 03 01 0a 02 90 ea 09 01 e0 09 02 90 08 54 0a 0a 08 02 90 10 09 fe 01 07 03 70 0f 01 ff 03 70 0e 01 fe 03 70 06 01 fd 03 70 05 01 fc 03 70 10 
0x0a80 : 01 fb 03 70 0a 01 fa 03 70 10 09 fe 01 70 08 01 f8 03 70 07 01 f7 02 90 0f 0f 0f 0f 05 03 70 07 ff ec 08 54 0f 0f 0f 09 01 c1 00 00 00 00 00 00 00 00 00 00 00 00 00 00 00 00 00 00 00 00 00 00 
0x0ac0 : 00 00 00 00 00 00 00 00 00 00 00 00 00 00 00 00 00 00 00 00 00 00 00 00 00 00 00 00 00 00 00 00 00 00 00 00 00 00 00 00 00 00 00 00 00 00 00 00 00 00 00 00 00 00 00 00 00 00 00 00 00 00 00 00 
0x0b00 : 00 00 00 00 00 00 00 00 00 00 00 00 00 00 00 00 00 00 00 00 00 00 00 00 00 00 00 00 00 00 00 00 00 00 00 00 00 00 00 00 00 00 00 00 00 00 00 00 00 00 00 00 00 00 00 00 00 00 00 00 00 00 00 00 
0x0b40 : 00 00 00 00 00 00 00 00 00 00 00 00 00 00 00 00 00 00 00 00 00 00 00 00 00 00 00 00 00 00 00 00 00 00 00 00 00 00 00 00 00 00 00 00 00 00 00 00 00 00 00 00 00 00 00 00 00 00 00 00 00 00 00 00 
0x0b80 : 00 00 00 00 00 00 00 00 00 00 00 00 00 00 00 00 00 00 00 00 00 00 00 00 00 00 00 00 00 00 00 00 00 00 00 00 00 00 00 00 00 00 00 00 00 00 00 00 00 00 00 00 00 00 00 00 00 00 00 00 00 00 00 00 
0x0bc0 : 00 00 00 00 00 00 00 00 00 00 00 00 00 00 00 00 00 0b 54 06 02 03 09 01 8b 00 00 00 00 00 00 00 00 00 00 00 00 00 00 00 00 00 00 00 00 00 00 00 00 00 00 00 00 00 00 00 00 00 00 00 00 00 00 00 
0x0c00 : 00 00 00 00 00 00 00 00 00 00 00 00 00 00 00 00 00 00 00 00 00 00 00 00 00 00 00 00 00 00 00 00 00 00 00 00 00 00 00 00 00 00 00 00 00 00 00 00 00 00 00 00 00 00 00 00 00 00 00 00 00 00 00 00 
0x0c40 : 00 00 00 00 00 00 00 00 00 00 00 00 00 00 00 00 00 00 00 00 00 00 00 00 00 00 00 00 00 00 00 00 00 00 00 00 00 00 00 00 04 54 03 02 03 04 54 0b 0d 0b 06 54 0b 0c 0f 03 70 04 01 eb 03 70 03 01 
0x0c80 : ea 09 01 e0 08 54 0a 0a 10 09 fe 01 00 00 00 00 00 00 00 00 00 00 00 00 00 00 00 00 00 00 00 00 00 00 00 00 00 00 00 00 00 00 00 00 00 00 00 00 00 00 00 00 00 00 00 00 00 00 00 00 00 00 00 00 
0x0cc0 : 00 00 00 00 00 00 00 00 00 00 00 00 00 00 00 00 00 00 00 00 00 00 00 00 00 00 00 00 00 00 00 00 00 00 00 00 00 00 00 00 00 00 00 00 00 00 00 00 00 00 00 00 00 00 00 00 00 00 00 00 00 00 00 00 
0x0d00 : 00 00 00 00 00 00 00 00 00 00 00 00 00 00 00 00 00 00 00 00 00 00 00 00 00 00 00 00 00 00 00 00 00 00 00 00 00 00 00 00 00 00 00 00 00 00 00 00 00 00 00 00 00 00 00 00 00 00 00 00 00 00 00 00 
0x0d40 : 00 00 00 00 00 00 00 00 00 00 00 00 00 00 00 00 00 00 00 00 00 00 00 00 00 00 00 00 00 00 00 00 00 0b 54 06 02 03 09 01 8b 00 00 00 00 00 00 00 00 00 00 00 00 00 00 00 00 00 00 00 00 00 00 00 
0x0d80 : 00 00 00 00 00 00 00 00 00 00 00 00 00 00 00 00 00 00 00 00 00 00 00 00 00 00 00 00 00 00 00 00 00 00 00 00 00 00 00 00 00 00 00 00 00 00 00 00 00 00 00 00 00 00 00 00 00 00 00 00 00 00 00 00 
0x0dc0 : 00 00 00 00 00 00 00 00 00 00 00 00 00 00 00 00 00 00 00 00 00 00 00 00 00 00 00 00 00 00 00 00 00 00 00 00 00 00 00 00 00 00 00 00 00 00 00 00 00 00 00 00 00 00 00 00 00 00 00 00 00 00 00 00 
0x0e00 : 00 00 00 00 00 00 00 00 00 00 00 00 00 00 00 00 00 00 00 00 00 00 00 00 00 00 00 00 00 00 00 00 00 00 00 00 00 00 00 00 00 00 00 00 00 00 00 00 00 00 00 00 00 00 00 00 00 00 00 00 00 00 00 00 
0x0e40 : 00 00 00 00 00 00 00 00 00 00 00 00 00 00 00 00 00 00 00 00 00 00 00 00 00 00 00 00 00 00 00 00 00 00 03 70 05 31 ea 09 fe 01 00 00 00 00 00 00 00 00 00 00 00 00 00 00 00 00 00 00 00 00 00 00 
0x0e80 : 00 00 00 00 00 00 00 00 00 00 00 00 00 00 00 00 00 00 00 00 00 00 00 00 00 00 00 00 00 00 00 00 00 00 00 00 00 00 00 00 00 00 00 00 00 00 00 00 00 00 00 00 00 00 00 00 00 00 00 00 00 00 00 00 
0x0ec0 : 00 00 00 00 00 00 00 00 00 00 00 00 00 00 00 00 00 00 00 00 00 00 00 00 00 00 00 00 00 00 00 00 00 00 00 00 00 00 00 00 00 00 00 00 00 00 00 00 00 0b 54 06 02 03 09 01 8b 00 00 00 00 00 00 00 
0x0f00 : 00 00 00 00 00 00 00 00 00 00 00 00 00 00 00 00 00 00 00 00 00 00 00 00 00 00 00 00 00 00 00 00 00 00 00 00 00 00 00 00 00 00 00 00 00 00 00 00 00 00 00 00 00 00 00 00 00 00 00 00 00 00 00 00 
0x0f40 : 00 00 00 00 00 00 00 00 00 00 00 00 00 00 00 00 00 00 00 00 00 00 00 00 00 00 00 00 00 00 00 00 00 00 00 00 00 00 00 00 00 00 00 00 00 00 00 00 00 00 00 00 00 00 00 00 00 00 00 00 00 00 00 00 
0x0f80 : 00 00 00 00 00 00 00 00 00 00 00 00 00 00 00 00 00 00 00 00 00 00 00 00 00 00 00 00 00 00 00 00 00 00 00 00 00 00 00 00 00 00 00 00 00 00 00 00 00 00 00 00 00 00 00 00 00 00 00 00 00 00 00 00 
0x0fc0 : 00 00 00 00 00 00 00 00 00 00 00 00 00 00 00 00 00 00 00 00 00 00 00 00 00 00 00 00 00 00 00 00 00 00 00 00 00 00 00 00 00 00 00 00 00 00 00 00 00 00 00 00 00 00 00 00 00 00 00 00 00 00 00 00 
